每幅图像的标定误差：
第1幅图像的平均误差：0.507621像素
第2幅图像的平均误差：0.537211像素
第3幅图像的平均误差：0.487507像素
第4幅图像的平均误差：0.455232像素
第5幅图像的平均误差：0.525797像素
第6幅图像的平均误差：0.602401像素
第7幅图像的平均误差：0.808512像素
第8幅图像的平均误差：0.873535像素
第9幅图像的平均误差：0.676323像素
总体平均误差：0.608238像素

相机内参数矩阵：
[3945.45992802447, 0, 1378.521371614085;
 0, 3962.445556513878, 2200.710056708469;
 0, 0, 1]

畸变系数：
[0.3139766312433063, -1.735717776661014, 0.01567993142102008, -0.01343764071682717, 5.621684162487409]


第1幅图像的旋转向量：
[-2.117552156657757;
 -2.086060391970028;
 -0.306349276099698]
第1幅图像的旋转矩阵：
[0.01015792707067575, 0.999233631287077, 0.0378016748632798;
 0.9679119198784022, -0.01931784459079777, 0.2505460760771789;
 0.2510843122836084, 0.03404366292290036, -0.9673663717226578]
第1幅图像的平移向量：
[-27.49571820351917;
 -57.28480595853731;
 179.8571769378359]

第2幅图像的旋转向量：
[-2.480535012554413;
 -1.700470704027656;
 -0.1753009229798402]
第2幅图像的旋转矩阵：
[0.3586652298702635, 0.9331881294463439, 0.02278525713142636;
 0.9182102870220813, -0.3570933214771425, 0.1713891144829497;
 0.1680747503015809, -0.04054965865276909, -0.9849398984172614]
第2幅图像的平移向量：
[-47.20640538134155;
 -37.91363247091812;
 203.9468753166969]

第3幅图像的旋转向量：
[-2.763663394042105;
 -1.317118796004111;
 -0.1253660622131092]
第3幅图像的旋转矩阵：
[0.6276476237423533, 0.7774488572230521, 0.04039473744371647;
 0.7711092140891845, -0.6279851701922302, 0.1050009807830177;
 0.1070001885855195, -0.03475486183551442, -0.9936513771043936]
第3幅图像的平移向量：
[-54.31348982095504;
 -24.95114672780563;
 212.1711849101328]

第4幅图像的旋转向量：
[-2.927308545053898;
 -0.3737750742498931;
 -0.005452567000411912]
第4幅图像的旋转矩阵：
[0.9681994621691147, 0.249350375547223, -0.02035169943507635;
 0.2486506243244294, -0.9501135049194079, 0.1883008093260077;
 0.02761645303995931, -0.1873732050860445, -0.9819005110179314]
第4幅图像的平移向量：
[-54.05303809685429;
 4.366419806167166;
 213.795094275974]

第5幅图像的旋转向量：
[-0.06410923726600445;
 -3.062664921825045;
 -0.294650351743072]
第5幅图像的旋转矩阵：
[-0.9970780593514895, 0.04755525899693699, -0.05978161006197262;
 0.03528565817858437, 0.980817889727881, 0.191705997602191;
 0.06775150099275738, 0.1890364105972217, -0.9796300166806583]
第5幅图像的平移向量：
[59.94255367620484;
 -39.01692119730996;
 205.8325359846954]

第6幅图像的旋转向量：
[-0.9256521984524898;
 -2.864924244319955;
 -0.1838016187308388]
第6幅图像的旋转矩阵：
[-0.8045580208621679, 0.5882710144549512, -0.08138553076864381;
 0.5730483428356619, 0.8049927721187664, 0.1536301845662017;
 0.1558909485494686, 0.07696655370150068, -0.9847711215158885]
第6幅图像的平移向量：
[27.62570646925246;
 -56.05241173831822;
 205.0797007761643]

第7幅图像的旋转向量：
[-1.096827136009507;
 -2.882250412153772;
 -0.3383192460346691]
第7幅图像的旋转矩阵：
[-0.749343971336927, 0.6609307038003109, 0.04067207143763961;
 0.6523838916722233, 0.7263369895297828, 0.216402022928202;
 0.1134851113917922, 0.1886933555132217, -0.9754567889340632]
第7幅图像的平移向量：
[30.04786703126129;
 -58.31947319375952;
 206.2818224093295]

第8幅图像的旋转向量：
[-0.9981764947668629;
 -2.845534210727902;
 -0.4520314316359555]
第8幅图像的旋转矩阵：
[-0.7818717476246722, 0.6233462324947137, 0.0107724046056259;
 0.5959981594737715, 0.7422755190716064, 0.3062894834806669;
 0.1829283033601352, 0.245899427046147, -0.9518774645972867]
第8幅图像的平移向量：
[32.58863522953465;
 -51.2582801980843;
 204.467679455832]

第9幅图像的旋转向量：
[0.7621316868961671;
 3.061687327568773;
 -0.3214471884364563]
第9幅图像的旋转矩阵：
[-0.884082136712111, 0.4608566129170057, -0.07752391809766485;
 0.4669084157527422, 0.8639861666933448, -0.1884792695810465;
 -0.01988232495994204, -0.2028277251590756, -0.979012567366212]
第9幅图像的平移向量：
[37.22750775004854;
 -50.02571116072389;
 221.4808103222728]


