每幅图像的标定误差：
第1幅图像的平均误差：0.649496像素
第2幅图像的平均误差：0.709169像素
第3幅图像的平均误差：1.07728像素
第4幅图像的平均误差：0.453032像素
第5幅图像的平均误差：0.537059像素
第6幅图像的平均误差：1.12169像素
第7幅图像的平均误差：1.06174像素
第8幅图像的平均误差：1.16541像素
总体平均误差：0.84686像素

相机内参数矩阵：
[3085.924956718158, 0, 1626.255824526778;
 0, 3101.282175832519, 2136.129568885164;
 0, 0, 1]

畸变系数：
[0.1241331578859464, -0.5045646953029947, 0.016928854550396, 0.01283825304646729, 0.7623863639647506]


第1幅图像的旋转向量：
[-2.331676838970248;
 -1.76875442342645;
 -1.021997497093746]
第1幅图像的旋转矩阵：
[0.1318839405373441, 0.8716874832494744, 0.4719825820669025;
 0.8442375393247831, -0.3483031636591402, 0.4073670131219146;
 0.5194897529530093, 0.3447402467528732, -0.7818468896437394]
第1幅图像的平移向量：
[-37.29900677350705;
 -34.52869569671802;
 106.1426713950193]

第2幅图像的旋转向量：
[-1.918741426897887;
 -1.665927011411052;
 -1.129212152349657]
第2幅图像的旋转矩阵：
[-0.01395092631399808, 0.9435969416531945, 0.330802332757372;
 0.6567638880624546, -0.2408153106976129, 0.7146112100091208;
 0.7539672187781566, 0.2272285145758558, -0.6163607995091684]
第2幅图像的平移向量：
[-47.34544274376589;
 -43.30814885550394;
 117.9565898299949]

第3幅图像的旋转向量：
[-1.492781241692425;
 -1.822575078998542;
 0.1524952516150293]
第3幅图像的旋转矩阵：
[-0.02651796868237999, 0.7894613207718482, -0.6132272175483809;
 0.880388899965685, 0.3090176839315851, 0.3597547162092108;
 0.473510487903036, -0.5303384711886626, -0.7032275050245836]
第3幅图像的平移向量：
[-46.14955456571506;
 -79.20161351730935;
 141.0628822726063]

第4幅图像的旋转向量：
[-2.13032956657639;
 -2.018778462797827;
 -0.4558171102935731]
第4幅图像的旋转矩阵：
[0.03603598803884889, 0.9940749014653004, 0.1025499772931118;
 0.941697520235769, -0.06812796651327346, 0.3294910629449154;
 0.3345253173496259, 0.08469752331396732, -0.9385729282248727]
第4幅图像的平移向量：
[-52.78990828300545;
 -67.03372720371384;
 128.3517636937231]

第5幅图像的旋转向量：
[1.814939437060633;
 2.296269657298145;
 0.7942253756048583]
第5幅图像的旋转矩阵：
[-0.2799319150038994, 0.875104203921415, 0.3947540439834865;
 0.931992577823054, 0.1490896147591396, 0.3303969153211181;
 0.2302780012180679, 0.4603964802754665, -0.8573255642432306]
第5幅图像的平移向量：
[-32.0274076114625;
 -70.26599238433029;
 126.4183631623876]

第6幅图像的旋转向量：
[0.2372465791648146;
 2.872809843524025;
 0.5100971512466205]
第6幅图像的旋转矩阵：
[-0.9641567199735778, 0.1202063237244997, 0.2365422986834126;
 0.1942919925662733, 0.9269812019186389, 0.3208683108599281;
 -0.1806998642899854, 0.3553256126795774, -0.9171102812745389]
第6幅图像的平移向量：
[45.56534628581838;
 -69.39008343610317;
 157.4434715262033]

第7幅图像的旋转向量：
[1.078572799962217;
 2.918031263671394;
 0.2580741189818957]
第7幅图像的旋转矩阵：
[-0.7610690052991178, 0.6442335628731304, 0.07574355181006373;
 0.6475273114425046, 0.7475995457763897, 0.1476594056976299;
 0.03850130009561904, 0.1614250154800307, -0.9861336695743732]
第7幅图像的平移向量：
[9.763199942196158;
 -65.32041245311596;
 160.1273614579487]

第8幅图像的旋转向量：
[2.102109802304298;
 0.941462361274181;
 0.9225702811681966]
第8幅图像的旋转矩阵：
[0.4948843402959344, 0.3472568913245691, 0.7965564268508881;
 0.8034310149810937, -0.5320746832111353, -0.2671986819806934;
 0.3310409248058425, 0.772210581974481, -0.5423123852451888]
第8幅图像的平移向量：
[-45.83685360075756;
 -30.49853990843265;
 117.7933734137613]


